-1.804037e-01
-5.718766e-02
1.044147e-02
3.127303e-01
3.448770e-01
-1.176200e-01
3.743637e-01
3.113868e-01
-3.238836e-03
9.091285e-02
-1.303493e-01
-1.762299e-02
2.018807e-01
8.668714e-02
3.208033e-01
3.704679e-02
-3.420311e-01
1.228462e-01
2.398319e-01
4.356823e-02
7.088889e-02
6.507016e-02
-2.466936e-02
3.697483e-02
-1.080032e-01
5.200198e-02
-3.612560e-01
-5.773562e-02
-2.987472e-01
-1.810054e-01
1.045013e-01
4.843522e-02
-4.480179e-02
2.861347e-01
-3.480852e-01
-1.370368e-02
-2.730693e-02
7.417769e-02
8.822658e-02
-9.815257e-02
-2.266166e-03
-1.214550e-02
3.449776e-02
5.308765e-02
6.963543e-02
-5.804968e-02
4.385321e-02
3.687090e-02
-1.139462e-01
-1.529333e-01
-3.620949e-04
3.218542e-01
-3.811378e-02
1.927046e-02
-7.893548e-02
6.825568e-02
-6.575305e-02
1.318635e-03
4.976794e-02
1.646835e-01
3.199682e-01
1.051681e-02
-1.332423e-01
-1.241163e-01
-6.482478e-02
1.163746e-01
-6.606831e-02
9.883903e-02
-7.036706e-02
2.288376e-01
-3.549120e-02
-9.261242e-02
-6.732137e-02
2.670942e-02
-5.924061e-03
-3.504044e-02
1.093614e-01
1.926960e-02
1.108314e-02
2.045104e-01
-5.468284e-02
7.066575e-02
6.924654e-02
-2.758530e-02
1.520959e-02
-2.179238e-01
-2.727340e-01
6.834907e-03
8.031869e-02
2.398742e-01
-1.414711e-01
1.544039e-02
-6.792918e-03
-5.052235e-01
-3.902201e-02
-1.142554e-01
8.775241e-02
-4.657491e-02
6.329951e-03
-1.117915e-01
2.326013e-02
-6.276371e-02
3.659270e-02
4.670579e-02
6.701996e-02
-1.102320e-02
-2.026735e-01
-7.659544e-02
1.976824e-01
-1.216493e-01
1.060251e-01
8.521963e-03
6.004443e-01
-2.132758e-01
-1.280648e-02
-1.678126e-01
3.311284e-01
-5.898384e-01
7.834992e-02
1.006579e-01
1.400988e-01
-2.015756e-01
-2.283365e-02
-6.392683e-02
9.079887e-02
-1.538567e-02
1.931515e-01
-1.011776e-01
-6.245472e-02
-1.272196e-01
-1.355773e-01
1.406823e-01
1.796522e-02
1.111402e-02
-1.277127e-01
1.260247e-01
2.821346e-02
-3.523040e-02
2.934040e-03
-2.234576e-02
-2.176946e-01
-7.186519e-02
-1.482230e-01
-9.992309e-02
-7.184994e-02
-1.867445e-02
-2.865501e-01
1.807810e-01
2.689059e-01
-2.022571e-03
-2.379542e-03
-3.885525e-02
1.769286e-01
-3.042523e-02
-1.620634e-01
8.082868e-02
-2.527955e-02
-7.112459e-02
-2.184069e-02
-1.820103e-01
-1.394509e-01
2.609417e-01
3.073717e-01
1.691768e-02
-2.558545e-01
-7.404957e-02
-3.463892e-02
1.030659e-01
-4.724235e-01
-3.106375e-01
-1.094847e-01
3.524865e-02
6.081297e-02
3.488100e-02
-1.093686e-02
1.047020e-02
-5.123643e-02
6.567102e-02
-9.693244e-02
4.596527e-02
-1.001630e-01
-3.062114e-02
2.911436e-02
8.081706e-02
-2.076168e-01
2.291105e-01
7.871707e-02
-2.924914e-03
-1.436419e-02
-1.187383e-02
-4.806935e-02
1.883647e-03
2.384904e-03
1.008559e-01
8.803535e-02
3.396665e-02
-2.804623e-02
9.724437e-02
7.287658e-03
-3.529100e-02
2.525664e-01
1.474414e-01
1.118098e-02
2.831926e-02
1.968960e-02
-8.671280e-02
-4.966583e-02
-6.451101e-03
-7.592420e-02
1.190768e-01
-9.362605e-02
-7.797089e-02
-1.083237e-01
-7.718336e-02
-1.440085e-02
-4.660925e-02
2.163701e-01
-1.566384e-02
-9.937629e-02
1.840200e-01
4.333167e-01
-1.367498e-02
-1.621660e-01
-6.461231e-02
-2.069324e-02
2.155540e-02
-6.304699e-02
2.346875e-02
5.369953e-02
-7.989166e-02
-1.547157e-01
-5.112220e-02
-4.430252e-02
-1.706285e-02
1.739615e-03
-1.996709e-01
-6.294599e-02
9.130887e-02
-3.754119e-01
2.279285e-01
6.030941e-02
-2.522155e-03
1.768979e-02
-7.297695e-02
-9.152043e-03
3.364745e-01
1.042438e-02
4.684011e-03
-7.543656e-02
-2.458172e-03
2.871948e-02
4.368605e-02
-2.386735e-02
-3.089107e-02
5.040666e-01
-3.327416e-01
1.577056e-01
1.975956e-01
8.873957e-02
-1.786966e-01
-6.317435e-02
-3.951719e-02
4.386067e-02
-1.351299e-01
5.709264e-02
-1.676709e-01
3.650502e-02
-1.289634e-03
8.026459e-02
5.497768e-02
1.822716e-01
1.647077e-01
-3.985346e-02
4.966336e-02
-9.194726e-02
-3.681256e-01
6.543227e-02
4.965776e-06
-4.449000e-03
1.837791e-01
2.518261e-02
2.711337e-02
1.315162e-01
9.376756e-02
1.726948e-02
-1.005204e-01
-7.185854e-02
1.592968e-01
-3.785064e-01
-2.235818e-03
-1.102115e-01
4.255360e-01
5.419171e-02
1.043869e-04
-6.414313e-03
-2.562938e-01
4.452527e-02
-3.129767e-01
-2.272675e-01
4.798223e-03
-1.816004e-01
1.011749e-01
1.008067e-01
5.751343e-02
-1.236538e-01
3.811128e-02
4.119735e-03
3.881534e-01
3.521531e-02
9.093981e-02
-1.028834e-02
-1.516053e-02
1.056977e-01
-2.033065e-01
-1.383006e-01
-1.065449e-01
-2.498516e-02
1.097368e-01
9.259023e-02
-2.539792e-01
-2.296037e-02
5.960733e-03
-1.878423e-02
3.735386e-02
2.971363e-02
-5.264462e-02
-1.533099e-02
-4.716903e-01
4.677932e-01
-1.107342e-01
-1.683818e-01
-2.961592e-02
-9.177918e-02
-2.283171e-03
-3.836127e-02
2.909393e-01
2.103794e-01
-2.766974e-01
6.307309e-02
-6.050795e-02
-1.737260e-02
1.066468e-02
2.628980e-01
-1.856253e-02
4.592444e-01
-4.959997e-02
5.040988e-02
3.999521e-02
8.697724e-03
4.946136e-02
4.004866e-02
-1.034903e-01
-1.433601e-01
6.447998e-01
-1.080471e-01
-3.572876e-01
1.369092e-02
1.539041e-01
4.080040e-02
-9.607770e-02
-3.051007e-02
-8.730822e-03
4.477846e-01
-1.185328e-01
1.281178e-01
3.408526e-02
-2.863546e-02
-9.579618e-02
-1.611532e-02
-3.982783e-03
-1.511465e-01
2.027238e-02
-7.785019e-02
-2.654446e-02
1.873395e-02
-6.703660e-02
-5.315173e-02
2.696986e-02
-6.190860e-02
1.050911e-01
4.560358e-01
6.027981e-02
-3.715157e-02
1.898841e-02
-1.663713e-01
1.862099e-01
1.514380e-01
1.009372e-01
-6.360340e-02
2.142637e-02
-4.171550e-01
-1.680902e-02
-4.611828e-02
-1.147603e-01
-1.030909e-01
-1.736094e-02
-1.853799e-01
2.242554e-02
-6.450898e-03
4.878474e-02
5.002485e-02
3.244118e-02
-3.522287e-01
-2.332124e-01
-4.405926e-02
6.849796e-03
3.669271e-02
-2.095514e-02
1.023074e-01
5.610560e-02
3.637910e-01
6.954598e-03
-4.243428e-02
-1.691526e-01
2.545113e-02
8.014787e-02
-1.722889e-02
-1.907493e-01
-6.147146e-02
-1.206472e-01
-5.632330e-02
-1.339749e-02
6.020177e-03
-9.472060e-03
1.468411e-01
3.999244e-03
2.654626e-01
3.222640e-02
3.134746e-01
-7.153434e-02
4.280319e-02
-5.360655e-02
4.155421e-02
4.853234e-02
-2.351012e-01
-6.587117e-02
-7.883061e-02
4.041840e-02
1.191406e-01
-3.699117e-02
8.095500e-02
4.257310e-02
-5.629000e-01
2.330578e-02
-2.601119e-02
2.023376e-01
-6.410823e-01
-8.344599e-03
-1.702047e-02
-8.688120e-03
7.621125e-02
-4.321401e-02
8.297521e-02
-6.354403e-03
-3.417911e-01
-1.049297e-01
5.727654e-02
-5.880163e-03
-1.213792e-01
-3.790933e-02
2.457550e-02
-9.532684e-02
6.328597e-02
-7.064519e-02
2.049319e-01
-6.052887e-02
7.417044e-02
-9.710299e-02
-5.412742e-02
-1.902814e-01
1.715032e-02
4.493991e-02
1.037644e-02
-1.670005e-02
3.399975e-02
3.484662e-02
4.365108e-02
3.172559e-02
2.700683e-01
-8.610759e-02
5.306027e-02
-7.342624e-02
-1.524890e-01
2.455466e-02
-1.111450e-02
-9.179738e-03
3.876154e-02
7.626711e-02
-3.542807e-02
3.877963e-02
-1.893482e-02
1.172767e-01
1.107932e-01
-6.523395e-02
2.606855e-02
1.856095e-02
9.059581e-03
1.413203e-01
-6.209362e-02
-4.451160e-02
-1.526913e-01
2.547913e-01
3.429479e-02
-4.550930e-03
3.264711e-02
9.953561e-03
3.476465e-02
9.766721e-03
5.703003e-02
4.986129e-03
5.681392e-01
-8.133568e-02
-1.689300e-01
-1.639291e-01
-2.458234e-01
-2.168075e-02
-1.151376e-02
-3.130980e-02
7.331301e-02
2.969399e-02
7.702377e-02
2.370963e-01
3.867573e-01
-9.516577e-02
-1.330174e-01
4.888388e-02
-1.860114e-01
5.633160e-03
6.733769e-03
1.330300e-01
-3.354660e-03
-2.436894e-02
4.144588e-02
6.435446e-02
4.443361e-03
-3.610540e-02
-1.235475e-01
1.946476e-02
-6.307182e-02
-3.051260e-01
6.973590e-02
-7.067170e-02
-1.286930e-02
4.627437e-02
-3.302923e-02
6.250776e-02
-2.406391e-02
4.495563e-02
5.135506e-02
-1.289136e-02
-4.383719e-01
-4.079094e-02
-1.702967e-02
-6.009282e-02
-9.236063e-02
1.033979e-01
-1.572983e-02
1.608113e-01
-2.492504e-02
7.574863e-02
-2.355736e-02
9.547470e-02
6.979456e-02
-2.835188e-02
-8.260824e-02
8.577579e-02
2.830817e-01
-4.173448e-02
4.139800e-02
-1.372640e-02
1.111980e-01
7.563395e-02
-1.106754e-01
1.337894e-01
5.236016e-01
3.194291e-03
1.566695e-01
1.992156e-02
-1.197979e-01
-9.083579e-02
-2.111345e-02
6.723829e-02
1.058732e-01
8.555257e-02
-4.437789e-02
7.564407e-03
-1.921681e-01
-1.614478e-01
-1.353702e-01
4.354387e-02
-1.067564e-03
-9.649449e-02
-1.105463e-03
-1.254957e-01
-2.696218e-01
1.241218e-01
1.354466e-02
2.296091e-01
4.900941e-02
1.868807e-02
9.950447e-02
1.507367e-01
5.134927e-01
-6.512800e-01
1.369835e-01
2.584753e-02
5.244402e-01
6.139867e-03
-4.537567e-03
9.148917e-02
-7.710309e-02
-4.218039e-04
1.780696e-01
1.679057e-02
1.197443e-01
6.336602e-02
1.943999e-02
-6.905897e-02
4.001708e-02
-2.032830e-01
2.920101e-02
3.848299e-02
6.010083e-02
1.644931e-01
4.531042e-01
7.571101e-02
1.837280e-02
2.267372e-01
1.805541e-02
-4.589506e-01
-1.508750e-01
1.344544e-01
-3.478153e-03
1.194961e-01
-8.587031e-02
1.166420e-02
3.020208e-02
-3.604318e-01
2.637882e-02
-3.219493e-02
-2.869610e-01
-2.309234e-03
-9.489227e-02
-1.484734e-01
-8.786678e-02
-1.264023e-01
-9.686435e-02
-3.120995e-01
3.157267e-02
-5.602842e-02
8.578949e-03
4.853936e-02
-1.956574e-04
7.952857e-03
-1.223701e-02
-1.475732e-01
-2.134827e-03
1.259973e-01
1.453403e-01
-6.008422e-02
-8.634733e-02
1.455642e-02
3.290826e-02
-1.873035e-02
-8.761823e-02
2.786350e-01
-2.058591e-01
-1.690469e-01
-1.302144e-01
-1.112251e-01
2.793765e-02
1.656984e-02
-2.785998e-01
2.332296e-01
5.970962e-02
6.306695e-02
-2.462984e-01
1.324033e-01
2.408347e-01
4.706903e-01
1.310722e-01
8.337393e-02
2.962387e-03
-1.038258e-01
-2.312188e-02
-1.375780e-01
-3.662474e-01
2.529405e-01
-4.964697e-02
-5.149017e-02
-4.020031e-02
-7.311386e-03
3.500231e-02
-3.992235e-01
1.174846e-01
1.319622e-02
1.269163e-01
-3.606024e-02
-1.204555e-02
-2.718479e-01
-1.041404e-01
3.900263e-02
-4.079917e-02
1.747245e-01
-1.538796e-01
5.084443e-01
8.889641e-03
5.228562e-02
6.515107e-01
-5.401035e-02
-1.931987e-02
-7.809457e-03
7.350658e-02
1.012089e-01
-1.765381e-01
-1.035001e-01
-3.292226e-02
-2.645094e-01
4.850631e-03
-3.937892e-02
-1.050619e-01
-8.610165e-02
1.844348e-01
4.259029e-02
-6.998768e-03
1.956302e-01
-1.713068e-01
6.600160e-02
6.248082e-02
1.384217e-02
-9.975037e-02
2.211014e-02
-5.008044e-02
-1.373968e-01
-8.427636e-02
1.699076e-01
-2.272513e-01
-7.079512e-02
-2.733365e-01
-1.302423e-02
-4.917685e-01
1.729387e-01
-9.257781e-02
-1.867091e-01
-4.775466e-02
-9.779411e-03
-1.745084e-01
5.901632e-01
-4.043954e-02
-5.090679e-02
-2.498040e-01
-5.061963e-02
-2.980936e-01
1.201537e-03
7.242992e-02
3.050661e-02
-1.922647e-01
-2.081111e-01
7.942127e-02
1.844061e-01
7.499103e-03
-1.646111e-01
1.060199e-01
-3.874969e-02
-5.199576e-02
6.630012e-02
-5.213714e-01
-2.906700e-01
4.044208e-02
2.362033e-02
5.788538e-03
6.008558e-02
5.239528e-02
8.136118e-02
-5.396785e-02
4.772345e-02
1.265814e-02
-2.362306e-02
-2.509967e-01
8.079259e-02
-3.889310e-02
2.469210e-02
6.435298e-02
-1.702335e-01
-1.434873e-01
1.104167e-02
-3.271263e-03
1.641459e-01
9.020576e-02
6.176954e-02
-2.810029e-01
-2.241383e-01
-1.945218e-01
8.988154e-02
2.636783e-01
4.504522e-02
-1.393449e-01
5.761268e-02
-1.631117e-01
-1.546301e-01
3.301505e-02
-4.137545e-02
3.651991e-02
6.740647e-02
1.878076e-02
6.389008e-02
-7.402930e-02
6.199645e-02
3.743958e-01
1.383973e-01
-1.984207e-01
-3.114929e-02
-3.043755e-02
4.543879e-02
2.228557e-02
8.525254e-02
-3.083531e-02
-8.759126e-02
-1.976757e-01
7.700293e-02
-8.777356e-02
-2.564074e-02
1.154805e-02
-7.660603e-02
3.333725e-02
-3.437374e-03
-1.220702e-01
8.162522e-02
-1.759948e-01
-5.196545e-02
-7.293891e-02
6.851576e-03
-1.896634e-01
-2.150483e-02
-1.701896e-01
-1.607448e-01
8.282428e-02
-5.278026e-02
2.363622e-02
3.426642e-01
-1.513902e-02
4.841143e-02
7.103769e-02
-1.510282e-02
3.698034e-02
-1.638570e-01
2.392670e-01
-9.780600e-02
-6.157868e-02
8.960564e-02
-2.744908e-03
7.567978e-02
-2.374788e-02
-5.913881e-02
-3.350070e-01
4.198267e-02
-1.581224e-02
-1.075268e-02
2.518028e-02
-2.568854e-01
-4.518680e-02
7.735730e-02
4.893604e-02
-1.461067e-01
-1.412291e-01
-1.883062e-01
-5.495569e-01
-1.730885e-02
3.700091e-02
5.768171e-02
6.926787e-03
-1.650355e-01
3.068572e-02
-1.449009e-01
-1.372265e-01
-1.788675e-01
-1.302265e-01
-1.099891e-01
-9.280314e-02
-4.468844e-02
-4.500199e-02
-8.186618e-02
-6.733796e-02
1.672617e-01
5.108977e-02
1.244625e-02
-9.960613e-02
-8.455852e-02
-2.149148e-01
1.984811e-01
5.221971e-02
1.291285e-02
-4.590350e-02
-1.114039e-01
2.832485e-02
5.035963e-01
-1.085091e-01
-6.471626e-02
-2.355547e-02
-2.217793e-01
4.515910e-02
-2.220628e-02
4.574472e-01
-2.225538e-02
2.786564e-02
-1.200934e-01
-2.736023e-02
-1.150154e-01
7.104314e-02
1.424821e-01
-3.527764e-02
4.559132e-02
-5.193872e-02
6.797368e-03
1.104526e-01
2.217710e-02
-3.952999e-02
-5.030675e-02
-1.056010e-02
-1.741685e-02
-3.292978e-02
1.303363e-02
6.484528e-02
-1.702379e-02
-1.586043e-02
-1.465854e-01
-4.043114e-01
-5.323595e-02
-4.467629e-02
3.648671e-02
3.104798e-01
2.441149e-01
-9.368239e-03
-7.162984e-02
7.348126e-02
7.154871e-02
6.412303e-02
6.528368e-02
-1.687695e-01
4.440302e-02
-8.162885e-03
-8.449299e-02
-1.789766e-01
1.045760e-01
-1.054878e-01
-1.132602e-01
3.989588e-02
1.691770e-01
3.667751e-03
5.092254e-02
-1.206989e-01
2.974000e-01
9.092075e-03
4.386243e-02
-3.380705e-01
9.586929e-02
6.720403e-02
-1.516134e-01
5.553217e-03
-4.223477e-02
1.034405e-02
-2.305146e-02
-1.918541e-02
-1.018612e-01
-6.564028e-02
-4.312192e-01
2.169680e-01
3.648936e-02
2.365275e-01
-1.133013e-01
2.118557e-01
8.794546e-02
1.742613e-02
-1.340880e-02
-6.478446e-02
6.852780e-02
-7.673275e-02
-2.443206e-01
7.496518e-02
4.138016e-02
5.503685e-02
3.336898e-02
-1.825693e-02
-2.502826e-02
9.995202e-02
-4.470391e-02
9.899104e-02
8.510750e-02
1.253903e-01
1.247691e-03
3.169303e-02
2.884097e-01
-1.251397e-02
-2.552029e-01
1.382252e-01
3.053713e-02
-3.412829e-02
6.128848e-01
-7.877023e-02
3.614983e-02
2.399042e-02
-2.589398e-02
-1.300873e-01
-3.998142e-01
-1.777443e-02
-9.980692e-02
5.868318e-02
-3.013903e-02
1.170009e-01
6.172861e-02
1.594861e-02
-1.043014e-01
3.122436e-01
-6.189346e-02
2.188154e-01
-7.895459e-02
-2.932208e-02
-1.962516e-01
3.285695e-02
-1.019360e-01
-3.028796e-01
5.776930e-02
-3.618004e-02
3.839189e-02
-2.673099e-02
2.955379e-02
-4.231824e-01
1.930234e-01
9.106267e-02
6.611872e-02
9.814396e-02
-2.687092e-02
2.701681e-02
1.698420e-02
6.668522e-03
-5.838520e-02
-6.829727e-02
-1.077536e-02
-7.716155e-02
9.318922e-02
4.860226e-01
-3.711212e-01
7.922234e-03
-1.969721e-01
9.189344e-02
5.159126e-01
-2.375727e-01
2.536283e-01
-4.492478e-01
4.508203e-02
8.249023e-02
7.580824e-03
1.579307e-01
1.754487e-01
2.919538e-02
-1.339261e-01
-8.175232e-02
-1.009974e-01
-3.154244e-01
-1.674376e-01
2.680863e-02
2.543357e-01
-3.429276e-02
-2.024001e-02
4.702647e-01
2.712953e-01
4.295561e-02
5.072755e-01
7.474797e-02
-3.914050e-02
3.888353e-02
-7.010429e-02
-5.149876e-02
4.399367e-02
6.177020e-03
-2.001158e-02
2.341909e-02
6.795756e-02
1.886238e-02
1.155122e-02
1.887118e-02
2.617193e-03
-2.049007e-01
5.652086e-02
6.007448e-01
-3.427184e-02
3.781240e-01
-3.644889e-02
1.593349e-01
-1.008620e-02
-1.957816e-02
-8.178553e-02
-1.457722e-01
-4.727820e-02
5.879955e-02
8.207464e-02
4.811185e-02
-5.271172e-01
1.182433e-01
2.142769e-01
7.656475e-02
-3.120700e-01
-2.815271e-02
5.144932e-02
6.001497e-02
-7.872177e-02
-6.053135e-02
4.190651e-02
-4.988906e-03
2.863258e-02
-7.333456e-02
-1.041301e-01
1.085599e-01
7.478729e-02
2.410136e-01
-1.662178e-01
-1.009445e-01
-1.781446e-01
-2.266298e-03
-9.447712e-02
1.711765e-01
-1.781527e-01
-3.062229e-01
1.280043e-02
7.725505e-02
-4.635446e-02
-1.029551e-01
-3.851073e-02
-8.549806e-02
2.247761e-03
1.862970e-01
2.995645e-02
-1.746966e-01
-2.500553e-02
-2.707009e-01
2.839546e-04
-1.531487e-02
6.211346e-01
9.725729e-02
-3.177634e-03
1.692540e-01
-1.342195e-01
-2.521416e-02
2.246578e-01
2.050592e-01
5.448590e-02
2.728090e-02
-3.731325e-02
2.448596e-01
-1.466886e-01
6.040126e-02
3.454166e-02
1.109560e-01
-2.319620e-02
6.768011e-02
1.124024e-01
-4.321735e-02
1.165747e-02
4.287709e-01
1.098933e-02
-4.091483e-02
2.756462e-02
-3.265929e-02
7.038125e-02
-1.946646e-02
-1.694575e-03
4.840865e-02
3.867158e-01
-4.167990e-02
1.142450e-01
6.352825e-02
3.000116e-01
-3.607877e-01
-3.365190e-02
3.895952e-02
-5.615331e-02
-7.597069e-02
5.367059e-02
2.884927e-02
2.053368e-02
3.834222e-02
-2.937887e-01
-3.581497e-02
-1.084270e-02
-7.145175e-02
5.498035e-02
1.286804e-01
-5.615121e-02
6.056954e-02
-1.340225e-01
1.134692e-01
-1.332628e-01
1.996493e-02
-3.122165e-02
9.447987e-02
8.368531e-04
-2.303840e-03
1.486148e-01
-3.464340e-02
-1.127147e-02
3.385003e-01
-3.135075e-01
3.880562e-01
-9.678617e-02
4.021634e-02
1.954675e-02
4.250925e-02
-3.255826e-02
2.776687e-02
9.699403e-02
-4.408134e-01
-2.025800e-01
3.994125e-01
3.585132e-02
-7.559340e-02
-2.194160e-02
-1.496138e-01
-6.075447e-02
-6.469568e-02
-4.056105e-02
-1.217630e-01
-3.602541e-02
-1.500053e-01
1.565209e-01
-1.853045e-01
2.305807e-01
-2.301782e-02
-2.943302e-01
-3.756475e-02
6.236914e-02
8.795802e-02
9.996291e-03
4.579858e-02
1.681846e-01
-2.701712e-01
-4.890650e-02
-2.986738e-01
-9.323005e-02
5.672588e-02
5.727489e-02
1.494193e-01
1.860407e-02
-2.289536e-01
2.150969e-01
9.096216e-02
-5.464662e-02
9.716620e-03
4.740050e-01
5.519408e-02
1.150908e-01
-1.496063e-02
-6.517680e-03
1.357980e-02
-6.051803e-02
6.736180e-02
8.605362e-04
3.463043e-02
-4.763784e-02
-1.331520e-01
-5.415698e-03
-3.218244e-02
8.463002e-02
8.084932e-02
4.061153e-02
-1.379835e-01
-4.238488e-01
1.338057e-02
-4.980091e-02
2.536588e-01
4.420522e-01
-5.442079e-02
9.120384e-02
1.714724e-01
2.218584e-02
1.563629e-01
2.657811e-01
1.095534e-02
5.961130e-02
1.727805e-02
-3.952789e-01
-1.193115e-02
3.449481e-02
4.698924e-03
-2.964067e-02
2.476781e-01
1.084855e-01
1.228111e-01
-2.958419e-02
2.114669e-02
1.439339e-01
2.386448e-01
4.059789e-02
-8.720644e-02
3.653042e-02
-2.259408e-01
-2.116780e-02
4.016287e-02
2.391845e-01
9.687725e-02
-3.422315e-03
7.047985e-02
-1.872600e-02
3.811521e-01
5.039939e-01
1.357776e-01
-2.548992e-02
-1.007562e-02
-6.907810e-02
8.282195e-02
1.550067e-01
1.983276e-01
1.302582e-02
2.250844e-02
-1.244557e-01
1.764461e-01
-1.105665e-02
-8.777469e-02
1.763578e-01
7.292130e-02
1.546064e-01
-5.498196e-02
4.196276e-02
3.941511e-02
-1.487604e-01
-2.102679e-02
-5.830879e-02
5.553004e-02
-5.551167e-02
1.715904e-01
1.065235e-01
-2.520885e-02
-4.641574e-04
4.842793e-02
1.118039e-01
2.512442e-02
1.680820e-02
-4.217438e-02
-9.696862e-03
5.456019e-02
1.568137e-01
5.696400e-02
-4.458111e-01
4.241168e-02
-1.375752e-02
-1.391499e-02
-1.551503e-01
9.907579e-02
-4.251859e-02
-6.926388e-02
-3.747124e-02
-2.878217e-02
1.036757e-02
1.385560e-02
-2.379272e-02
-2.323282e-02
3.403573e-03
3.753833e-02
2.884806e-01
5.748173e-02
-2.276197e-02
1.100732e-01
-1.371935e-01
-2.539911e-01
-2.019118e-01
-1.130264e-01
-4.270347e-02
-4.951422e-02
-5.074444e-01
8.872364e-03
-1.836353e-01
-1.264023e-01
3.052491e-02
1.314085e-01
3.957706e-01
1.590530e-02
6.106558e-01
1.194760e-02
3.423807e-03
-4.084107e-02
-1.571128e-02
-1.813905e-03
-2.281694e-01
1.607729e-01
-2.432051e-01
-1.428938e-02
1.065568e-01
-2.410600e-02
2.607205e-02
1.014775e-01
1.589668e-01
2.330228e-01
-9.587589e-02
-6.441521e-02
1.738649e-01
2.118897e-02
8.499790e-04
2.590758e-02
1.019603e-01
7.078544e-03
-8.965572e-02
-1.026676e-02
-1.619446e-02
3.505279e-01
2.771084e-02
4.861010e-02
5.672547e-02
-3.632743e-02
3.763643e-03
1.266378e-02
-1.184643e-01
1.388668e-02
4.842733e-02
-1.653152e-02
1.131465e-01
6.069133e-02
-3.281818e-02
-1.019489e-02
-2.610550e-02
7.864460e-02
6.174383e-02
-1.564758e-02
4.810098e-02
2.701871e-01
8.272977e-02
5.184802e-02
-1.643845e-01
-2.523241e-02
2.060401e-02
-9.032783e-03
-2.842585e-01
-7.672466e-02
1.116780e-01
-4.703160e-01
1.353733e-01
-2.134852e-01
4.076257e-02
4.677342e-05
-8.166061e-02
1.608496e-02
-1.494320e-01
4.136984e-02
2.268127e-02
-2.666396e-01
-2.655630e-01
-1.215527e-01
-4.380426e-01
-1.452083e-02
1.103136e-01
2.704447e-02
4.460450e-03
1.355188e-01
-1.801726e-01
1.889473e-01
-1.660543e-01
3.765049e-03
-1.292486e-01
1.327331e-02
-5.905794e-01
7.468295e-02
1.225109e-01
2.038331e-01
4.941660e-01
1.136219e-03
-5.967981e-02
-1.757919e-01
1.737522e-03
1.935090e-02
7.304960e-02
-2.042256e-01
3.866437e-02
3.761112e-03
-1.080959e-01
2.513887e-01
2.050388e-02
-1.327211e-02
2.605696e-01
3.709422e-02
-1.070607e-02
1.156231e-01
7.242521e-03
1.202597e-02
4.396033e-02
-3.095473e-02
-7.212790e-02
1.778278e-02
1.383560e-01
-2.115591e-02
-1.603444e-01
-1.254087e-02
-5.000193e-02
-2.244707e-02
1.111028e-01
-2.190863e-02
-2.517215e-02
-3.270851e-02
-1.317839e-01
-6.382871e-02
-1.974207e-01
-1.585084e-02
-6.491104e-02
-5.083994e-02
-1.690212e-02
-1.526994e-01
-1.091936e-03
5.211942e-02
-7.034716e-02
8.313586e-02
-2.215798e-01
-2.426474e-02
-6.071305e-01
-8.039176e-02
-6.387034e-01
-9.680194e-02
-1.298294e-01
-6.088620e-02
-1.055641e-01
-1.332202e-01
2.251265e-02
1.783651e-01
2.535783e-01
-8.015409e-02
-3.838686e-03
-2.870147e-02
5.271780e-03
-6.205909e-02
-2.342514e-01
-1.425682e-02
-1.062406e-01
-3.937349e-01
3.018715e-01
-1.557407e-02
3.296332e-01
7.284861e-02
-5.551753e-01
4.395239e-02
5.197100e-02
3.418214e-02
1.166839e-02
-8.160582e-02
7.719708e-02
-7.701987e-02
-3.001051e-02
1.647157e-01
1.288471e-01
-2.219542e-02
-4.452794e-02
2.488053e-02
1.924071e-01
1.906225e-01
2.076797e-02
-4.030372e-02
1.260516e-01
-1.287031e-02
1.832247e-01
-3.543526e-01
7.198520e-03
5.547154e-02
-1.027549e-01
-3.918709e-02
-9.765790e-02
-4.337367e-02
-2.185397e-02
1.082167e-02
-2.896658e-01
1.176408e-02
-5.847618e-02
-7.120333e-02
-7.052334e-02
-1.202564e-01
3.084580e-01
2.439409e-01
1.015229e-01
5.956663e-02
-1.049700e-01
-3.272895e-02
-9.702845e-02
-6.403272e-01
-4.500483e-02
4.993897e-02
2.902217e-02
9.581440e-03
-1.363677e-02
-5.415108e-02
3.672209e-04
7.248074e-02
7.284588e-02
1.711462e-02
6.682790e-02
3.429016e-02
-1.483288e-01
9.734526e-04
-3.622793e-02
-1.886300e-01
-1.252969e-01
-9.175127e-02
4.168715e-02
-1.536324e-02
4.830314e-02
-6.510199e-02
-5.275915e-01
7.166494e-03
-5.687844e-02
2.732888e-01
1.864195e-01
-2.455746e-02
-4.015974e-01
4.144750e-02
1.137899e-01
3.795015e-01
-2.638486e-01
-1.107242e-02
1.861283e-02
4.592368e-02
5.647365e-02
3.549781e-02
5.908672e-02
-2.924992e-02
1.840457e-02
-1.562063e-01
-2.617794e-01
4.334417e-01
-5.502462e-02
2.157411e-02
3.322953e-01
-9.880145e-02
-9.459299e-02
-3.776585e-02
2.372017e-01
-2.505146e-02
-5.904012e-02
-1.219898e-01
-2.348040e-02
-2.902784e-02
-1.402845e-01
-1.455176e-02
-1.896403e-01
2.635738e-02
-5.146236e-01
1.646568e-02
8.543565e-02
-7.379679e-02
-1.159374e-02
1.556362e-02
-2.514963e-01
-8.214306e-04
3.343616e-02
-8.011610e-02
1.137080e-01
3.770803e-01
1.206702e-01
1.328023e-03
-5.705694e-02
6.641862e-02
-7.312736e-02
3.120903e-01
2.776226e-02
2.284446e-02
-1.070611e-01
-1.915219e-01
-6.568842e-02
1.307488e-01
1.938461e-01
4.994429e-02
5.847398e-02
-7.619092e-02
1.711405e-02
9.669045e-02
-2.185717e-02
5.086605e-01
-1.920894e-01
-4.366351e-02
2.526124e-03
-2.536156e-01
5.865232e-02
1.263219e-02
6.514250e-03
1.087883e-01
1.309142e-01
8.508526e-02
-4.458328e-02
-1.064699e-02
6.864087e-02
-1.637238e-01
-1.638729e-01
-6.023206e-02
5.462478e-03
3.862236e-01
5.343215e-02
-4.637879e-02
-5.281740e-02
1.238338e-01
1.948144e-01
3.263641e-02
-6.564663e-02
-1.942907e-01
1.145720e-01
1.914116e-02
2.791974e-01
-2.524852e-01
1.912296e-02
-5.492875e-02
1.072839e-01
-9.576023e-02
-1.284024e-02
-2.437989e-02
1.065203e-01
4.302176e-02
-8.678378e-02
-4.450249e-02
-1.376920e-01
4.145500e-02
1.594057e-02
-1.089576e-01
-1.254565e-01
-5.302971e-03
1.890271e-01
1.163785e-02
-3.555620e-01
-2.730021e-01
9.353000e-02
-1.083496e-02
-2.703539e-02
8.539250e-02
-3.170647e-02
7.181425e-03
5.384598e-02
1.428479e-01
-4.141121e-02
3.551865e-02
3.996311e-01
-2.176932e-01
1.968357e-02
-1.946982e-02
-4.721013e-02
-6.244318e-02
7.131480e-02
5.878151e-01
-9.833061e-02
8.125116e-02
-9.305217e-02
5.516792e-01
9.198620e-02
-1.704891e-02
5.978203e-02
-3.644122e-04
9.574689e-02
-3.374726e-02
-2.233719e-01
2.062461e-02
1.923950e-01
-9.418438e-02
-1.516599e-02
6.741765e-02
-3.264051e-01
2.735815e-01
7.338512e-02
1.314789e-02
-9.996226e-02
-4.540039e-04
3.953412e-03
5.749980e-01
1.275490e-01
3.333802e-01
4.362879e-02
-2.193914e-02
2.422449e-01
-4.546194e-03
-7.534995e-02
-2.367903e-02
5.168782e-02
1.308829e-02
7.043108e-02
5.914050e-01
3.335033e-01
7.788666e-03
3.400746e-01
-1.567777e-01
-2.806254e-01
-4.869158e-02
1.807913e-02
6.872148e-03
1.785816e-01
9.017177e-03
-1.525512e-02
9.492594e-03
5.409840e-02
-4.615206e-01
9.125819e-02
-1.298075e-01
-4.770598e-03
-6.508250e-02
-3.046507e-02
3.871139e-02
-1.090647e-01
-5.708865e-02
-9.172294e-02
-9.345503e-02
-4.194381e-02
1.521936e-01
-6.411306e-03
-2.182697e-02
-1.027990e-01
3.652557e-01
-2.099407e-02
1.192135e-01
2.653061e-02
-2.854984e-02
1.487569e-01
8.303012e-02
-7.783882e-03
9.865583e-02
1.746661e-01
-1.588752e-02
-3.980653e-02
2.197475e-02
1.797175e-01
5.071887e-02
-2.833686e-02
6.199585e-02
2.997487e-01
9.525443e-03
8.917403e-03
-4.660701e-02
-2.277324e-01
-1.010958e-01
-1.873049e-01
-8.111692e-03
-5.322715e-01
2.006223e-01
3.354890e-02
-6.368303e-01
-3.689703e-01
-8.634284e-02
-1.002510e-02
-1.441182e-01
-5.399654e-01
5.914535e-02
-3.438318e-02
8.092019e-02
-1.418132e-02
-1.420465e-02
-2.880434e-01
-2.866260e-01
-1.903028e-01
2.135012e-02
-7.137712e-02
1.168586e-01
1.295669e-01
3.388785e-01
-2.457719e-03
-8.056397e-02
-7.784068e-02
8.173718e-03
7.271929e-02
-3.614489e-02
-8.617407e-03
3.264889e-02
2.047704e-01
-1.146966e-01
5.517966e-02
1.750645e-02
-1.495180e-02
1.566250e-01
-2.446774e-02
-1.029597e-01
3.108990e-02
2.870442e-02
-4.162618e-02
9.237111e-02
6.512839e-01
4.426274e-01
-1.443516e-01
-7.515334e-02
-4.095751e-01
2.458611e-02
-1.625477e-01
-2.099317e-02
1.564325e-01
1.072379e-02
-3.048783e-02
-8.640586e-02
-1.320174e-02
3.076086e-01
-1.474744e-01
-6.486794e-03
1.292937e-01
-3.092068e-01
4.744406e-02
4.277295e-01
-5.555122e-02
-1.377209e-01
4.551430e-02
1.911991e-01
2.542906e-02
1.768277e-01
-9.437104e-02
6.952879e-02
-3.650009e-02
-1.835596e-02
-1.190550e-01
1.016994e-01
2.893809e-02
6.333605e-02
9.355738e-02
-2.369154e-01
2.880553e-01
-5.363006e-04
6.982264e-02
6.479164e-02
1.095662e-01
-1.184592e-01
-9.498055e-03
2.722173e-02
2.355139e-01
1.123092e-01
1.705493e-01
1.862414e-02
1.867771e-02
1.276118e-01
-3.460554e-01
1.580021e-01
-2.092856e-02
-3.389051e-01
6.623564e-02
-1.197389e-01
-1.286029e-01
2.422633e-02
-6.599115e-02
-4.272261e-02
-2.234987e-02
-2.125216e-02
-2.615470e-02
2.516669e-02
-1.109264e-01
-9.743575e-02
-1.847671e-01
-4.300499e-02
7.596183e-02
-7.433569e-02
6.401603e-02
4.781189e-02
1.048992e-01
1.074465e-01
-5.219262e-02
-4.713874e-02
5.104952e-03
-4.238978e-02
1.100534e-01
9.649750e-02
1.273286e-02
-6.276641e-02
4.410835e-02
-7.453728e-02
-9.696690e-03
-2.655743e-02
8.580016e-03
5.439986e-01
6.985305e-02
4.386184e-01
-7.404839e-02
6.335735e-03
-2.806650e-01
7.053185e-02
2.325961e-02
1.295288e-01
5.070223e-01
2.293306e-01
-2.050433e-02
-6.542742e-01
9.090782e-03
-8.671875e-02
-8.104802e-02
-4.224270e-02
-1.827660e-01
6.677722e-02
6.716070e-02
9.634793e-03
-3.874005e-02
1.103908e-01
1.172783e-02
3.128744e-01
1.671465e-01
-3.374867e-02
1.033333e-02
-3.638548e-02
2.840190e-02
8.897051e-02
6.612938e-02
-1.458948e-01
1.038236e-01
-3.997157e-01
-1.934194e-02
6.069872e-02
8.135973e-02
-3.092995e-02
6.573873e-02
1.664178e-01
-7.074684e-02
-1.417772e-01
-7.835981e-02
